dataset_name: bitcoin_otc
num_runs: 1
epochs: 300
patience: 15
seed: 2024
cuda: true
lr: 0.00012789530075140367
weight_decay: 0.0003137963565283337
lam: 6.169502059742235e-05
tau: 0.015482530001094784
num_feature: 4
layer: 2
hidden_feature: 32
bandwidth: 43
m_choice: 3
tgc_dropout: 0.40824630771402914
fft_dropout: 0.8986404258712923
lora_rank: 4
r_mid: 5
r_long: 12
cdpss_hidden_dim: 128
cdpss_dropout: 0.4523796588909451
attention_temperature: 0.023332313403422768
cl_powerlaw_eta: 0.690864223111336
cl_weight_min: 0.3398417120083004
cl_weight_max: 1.5432597465622835
cl_degree_bins: 0,1,2,4,7,12,20,32,50,80,128
cl_disagreement_alpha: 1.2261233993876162
cl_disagreement_min: 0.23740423230606225
cl_disagreement_max: 0.686463615991436
cl_disagreement_normalize: false
