dataset_name: bitcoin_alpha
num_runs: 1
epochs: 300
patience: 15
seed: 2024
cuda: true
lr: 0.00123914597345263
weight_decay: 0.0013576452999316242
lam: 0.00013926090712526403
tau: 0.1082838956241348
num_feature: 16
layer: 3
hidden_feature: 8
bandwidth: 16
m_choice: 2
tgc_dropout: 0.8977529751261651
fft_dropout: 0.6681685307625425
lora_rank: 2
r_mid: 2
r_long: 6
cdpss_hidden_dim: 128
cdpss_dropout: 0.10839466133455164
attention_temperature: 0.17289582367350353
cl_powerlaw_eta: 0.5795033319469365
cl_weight_min: 0.44550778796215446
cl_weight_max: 2.3771788809671803
cl_degree_bins: 0,1,2,4,8,16,32,64,128,256
cl_disagreement_alpha: 0.3212655525478154
cl_disagreement_min: 0.19878657325907223
cl_disagreement_max: 1.1317347456549016
cl_disagreement_normalize: true
