dataset_name: digg
num_runs: 1
epochs: 300
patience: 15
seed: 2024
cuda: true
lr: 3.8736717877192116e-05
weight_decay: 0.000805147708930388
lam: 6.252250217916206e-06
tau: 0.44934862713552276
num_feature: 16
layer: 1
hidden_feature: 32
bandwidth: 34
m_choice: 1
tgc_dropout: 0.40234542284408126
fft_dropout: 0.10580963408950349
lora_rank: 32
r_mid: 6
r_long: 7
cdpss_hidden_dim: 128
cdpss_dropout: 0.0015540128351358776
attention_temperature: 1.1659459061022412
cl_powerlaw_eta: 2.045353097160942
cl_weight_min: 0.07950099527190879
cl_weight_max: 1.7018902292988147
cl_degree_bins: 0,1,2,3,5,8,13,21,34,55,89
cl_disagreement_alpha: 0.26902528242035934
cl_disagreement_min: 0.42036219668987035
cl_disagreement_max: 0.6971002952459325
cl_disagreement_normalize: true
