dataset_name: ia_reality_call
num_runs: 1
epochs: 300
patience: 15
seed: 2024
cuda: true
lr: 0.00423017986044728
weight_decay: 2.3330788428174136e-05
lam: 0.0003430909467792941
tau: 0.007621217812973255
num_feature: 4
layer: 2
hidden_feature: 8
bandwidth: 43
m_choice: 1
tgc_dropout: 0.5366117430112686
fft_dropout: 0.6270140742684744
lora_rank: 4
r_mid: 2
r_long: 24
cdpss_hidden_dim: 128
cdpss_dropout: 0.25489349198641664
attention_temperature: 0.46224063006259986
cl_powerlaw_eta: 1.2061190740007517
cl_weight_min: 0.6709613747610967
cl_weight_max: 1.9999032612301892
cl_degree_bins: 0,1,2,4,7,12,20,32,50,80,128
cl_disagreement_alpha: 0.32054843561974056
cl_disagreement_min: 0.2247852400831838
cl_disagreement_max: 1.259492925527154
cl_disagreement_normalize: true
