dataset_name: internet
num_runs: 1
epochs: 300
patience: 15
seed: 2024
cuda: true
lr: 0.0001654701122906944
weight_decay: 0.0008042798648625474
lam: 0.0036992612335005758
tau: 0.22817351785494785
num_feature: 8
layer: 1
hidden_feature: 16
bandwidth: 28
m_choice: 2
tgc_dropout: 0.5008790493163681
fft_dropout: 0.6344005135057371
lora_rank: 8
r_mid: 3
r_long: 12
cdpss_hidden_dim: 64
cdpss_dropout: 0.06713959474413539
attention_temperature: 0.2043919770134988
cl_powerlaw_eta: 0.46111916221833504
cl_weight_min: 0.14023121573798053
cl_weight_max: 1.8182787104597251
cl_degree_bins: 0,1,2,4,8,16,32,64,128,256
cl_disagreement_alpha: 0.32138923240532313
cl_disagreement_min: 0.011970579237160883
cl_disagreement_max: 1.2257422873306911
cl_disagreement_normalize: true
