dataset_name: ppin
num_runs: 1
epochs: 300
patience: 15
seed: 2024
cuda: true
lr: 0.0041404322800046465
weight_decay: 4.677519758208862e-06
lam: 0.005700471541731607
tau: 0.05047334938188151
num_feature: 16
layer: 3
hidden_feature: 128
bandwidth: 38
m_choice: 1
tgc_dropout: 0.27898601972502307
fft_dropout: 0.8543559276667757
lora_rank: 2
r_mid: 7
r_long: 25
cdpss_hidden_dim: 32
cdpss_dropout: 0.4814892134682875
attention_temperature: 0.266363711009315
cl_powerlaw_eta: 0.9473034144219211
cl_weight_min: 0.1519904936223176
cl_weight_max: 0.9045511896193648
cl_degree_bins: 0,1,2,4,8,16,32,64,128
cl_disagreement_alpha: 1.0964739494543578
cl_disagreement_min: 0.00975368528407261
cl_disagreement_max: 1.0531352961349194
cl_disagreement_normalize: true
