dataset_name: wiki_eo
num_runs: 1
epochs: 300
patience: 15
seed: 2024
cuda: true
lr: 9.634723446885432e-05
weight_decay: 0.005286379400258924
lam: 8.810909989919044e-06
tau: 0.20636363991056628
num_feature: 8
layer: 1
hidden_feature: 8
bandwidth: 18
m_choice: 3
tgc_dropout: 0.5925164128650322
fft_dropout: 0.49734836538315247
lora_rank: 4
r_mid: 3
r_long: 18
cdpss_hidden_dim: 128
cdpss_dropout: 0.22525314589267667
attention_temperature: 3.7654777588676205
cl_powerlaw_eta: 0.0
cl_weight_min: 0.26969294441260033
cl_weight_max: 2.033892966079402
cl_degree_bins: 0,1,2,4,7,12,20,32,50,80,128
cl_disagreement_alpha: 0.2902949622368699
cl_disagreement_min: 0.2779738290208277
cl_disagreement_max: 1.062286719571505
cl_disagreement_normalize: true
