dataset_name: wiki_gl
num_runs: 1
epochs: 300
patience: 15
seed: 2024
cuda: true

lr: 0.0000677695237149445
weight_decay: 0.0000019256338954088243
lam: 0.00006135043282538323
tau: 0.12553339569209299

num_feature: 8
layer: 1
hidden_feature: 16
bandwidth: 34
m_choice: 1
tgc_dropout: 0.5259879528989797
fft_dropout: 0.8377168811835088

lora_rank: 16
r_mid: 10
r_long: 12
cdpss_hidden_dim: 64
cdpss_dropout: 0.2
attention_temperature: 3.696700396157796

cl_powerlaw_eta: 1.4597796184428222
cl_weight_min: 0.39033125007768626
cl_weight_max: 2.0166596780929793
cl_degree_bins: "0,1,2,3,4,6,8,12,16,24,32,48,64,96,128"
cl_disagreement_alpha: 0.3916159990975798
cl_disagreement_min: 0.2
cl_disagreement_max: 1.0
cl_disagreement_normalize: true
