dataset_name: wiki_gl
num_runs: 1
epochs: 300
patience: 15
seed: 2024
cuda: true
lr: 0.00026344047248356983
weight_decay: 9.169095277858963e-06
lam: 0.00029378676082530226
tau: 0.03278994981250263
num_feature: 4
layer: 1
hidden_feature: 16
bandwidth: 24
m_choice: 1
tgc_dropout: 0.35222535029255675
fft_dropout: 0.6591941494327779
lora_rank: 2
r_mid: 14
r_long: 72
cdpss_hidden_dim: 32
cdpss_dropout: 0.3476048476171463
attention_temperature: 1.264518497960057
cl_powerlaw_eta: 1.0709209909036799
cl_weight_min: 0.5805827489480736
cl_weight_max: 1.5275032351889604
cl_degree_bins: 0,1,2,3,5,8,13,21,34,55,89
cl_disagreement_alpha: 0.6799642920348768
cl_disagreement_min: 0.3898034110690056
cl_disagreement_max: 0.7611636106569595
cl_disagreement_normalize: true
