dataset_name: wiki_eo
num_runs: 1
epochs: 300
patience: 15
seed: 2024
cuda: true

lr: 0.00010158977533769196
weight_decay: 0.0071570049246944874
lam: 0.0000333428197682638
tau: 0.22798198141396453

num_feature: 8
layer: 1
hidden_feature: 16
bandwidth: 17
m_choice: 1
tgc_dropout: 0.5781474302398221
fft_dropout: 0.5398931003941343

lora_rank: 16
r_mid: 3
r_long: 18
cdpss_hidden_dim: 64
cdpss_dropout: 0.2
attention_temperature: 3.225193061765478

cl_powerlaw_eta: 1.2014241951333957
cl_weight_min: 0.3130431846007457
cl_weight_max: 2.158312853471647
cl_degree_bins: "0,1,2,4,8,16,32,64"
cl_disagreement_alpha: 0.3295069477880126
cl_disagreement_min: 0.2
cl_disagreement_max: 1.0
cl_disagreement_normalize: true
